0.4930324642 1.97419524 -0.002185329133 -0.0008240328333 0 92.27430134 4.080226519e-08 6.582689155e-08
0.4930324658 1.974195234 -0.0002790358452 0.0002912197129 0 92.27374729 -0.002273915047 -0.0005251681994
0.4930324461 1.974195224 -0.002414370226 -0.006014923875 0 92.26745577 -0.0008023965536 -0.004211270764
0.4930324286 1.974195222 -0.02206289531 -0.01711675078 0 92.2645736 -0.01538773608 -0.01924633093
0.4930324198 1.974195216 -0.0117647857 -0.0002577216273 0 92.26676247 -0.03123460732 -0.02743304757
0.493032426 1.974195212 -0.01318112307 -0.006595656992 0 92.26759213 -0.04511617591 -0.03288125691
0.4930324195 1.974195203 -0.002281577482 -0.0005147754766 0 92.26609639 -0.05066445426 -0.03694036097
0.493032418 1.974195187 -0.01156935225 -0.003487614895 0 92.2670006 -0.06065539757 -0.03797354168
0.4930324246 1.974195172 0.001485286024 -0.01497737442 0 92.26830827 -0.06354021736 -0.05007918692
0.4930324342 1.974195162 -0.008937691051 -0.001368916345 0 92.26900006 -0.06666203576 -0.05936074057
0.4930324487 1.974195151 -0.02032353995 0.00751793677 0 92.2691742 -0.08430740662 -0.05424526238
0.4930324696 1.974195142 -0.009371280081 -0.005053796364 0 92.26691614 -0.09925691391 -0.05265719451
0.4930324881 1.974195132 -0.0001319322603 -0.0172970733 0 92.2755686 -0.1037311855 -0.06624903114
0.4930325011 1.974195127 0.0007917482431 -0.007535737226 0 92.2803808 -0.1020085873 -0.08069275623
0.4930325142 1.974195125 -0.01763745262 0.007699546364 0 92.31085008 -0.1109320516 -0.07577643436
0.4930325219 1.974195121 -0.02453806307 -0.00535467417 0 92.31054215 -0.1421843694 -0.07552281876
0.4930325289 1.974195116 0.002483842403 -0.01704384866 0 92.30507488 -0.1486668989 -0.08684644898
0.4930325367 1.974195109 0.01477286323 -0.02394439407 0 92.31525885 -0.1299421009 -0.1113051641
0.4930325473 1.974195104 0.01712692517 -0.0112088782 0 92.30014716 -0.1029019546 -0.1267961295
0.4930325489 1.974195102 -0.02700508649 -0.0003917181299 0 92.3051318 -0.1140511881 -0.1308253168
0.493032545 1.974195103 -0.02915918523 -0.002854282804 0 92.29708823 -0.1450238449 -0.1325056851
0.4930325429 1.9741951 -0.01736305195 -0.004587948735 0 92.29574125 -0.1708952761 -0.1388647214
0.4930325437 1.974195101 -0.01570633977 -0.004141947584 0 92.3131351 -0.1918977368 -0.1392498456
0.4930325391 1.974195103 -0.02482547161 0.002080623769 0 92.31762852 -0.2180991646 -0.1327874989
0.4930325353 1.974195105 -0.01435070357 -0.001982257488 0 92.30673762 -0.2453608238 -0.1319059174
0.4930325375 1.974195107 0.002833872313 -0.01190753199 0 92.28956909 -0.2476956322 -0.1397065384
0.4930325451 1.974195103 0.005659837613 -0.02018241187 0 92.28474884 -0.2415885063 -0.1566027648
0.4930325513 1.9741951 0.002956184925 -0.02021395325 0 92.28033232 -0.2355034746 -0.1799934312
0.4930325575 1.974195095 -0.001762847307 -0.01345328915 0 92.28616416 -0.2333257364 -0.2001042107
0.4930325623 1.974195092 -0.01558622347 -0.00130304762 0 92.28704627 -0.2414929544 -0.2075501606
0.4930325649 1.974195091 -0.02254108785 0.001391333266 0 92.30967432 -0.2611495387 -0.2015947548
0.4930325657 1.974195089 -0.02150418798 -0.005115569287 0 92.313024 -0.2815366388 -0.2030829943
0.4930325649 1.974195088 -0.02411453876 -0.01356928824 0 92.31040134 -0.3051431865 -0.2127116986
0.4930325624 1.974195086 -0.02047825959 -0.02018442323 0 92.31959625 -0.3297908403 -0.2301424625
0.4930325583 1.974195084 -0.01724688366 -0.01779625525 0 92.32841984 -0.3515857305 -0.2513518241
0.4930325572 1.974195084 -0.009703869947 -0.01253259545 0 92.3272182 -0.36317413 -0.2677482943
0.4930325761 1.97419507 -0.003223888649 -0.009976407744 0 92.31307599 -0.3734812061 -0.2767360349
0.4930325936 1.974195056 0.006866407763 -0.01472158751 0 92.29850858 -0.3691301413 -0.2889248406
0.4930326118 1.974195042 0.008730522987 -0.01723663715 0 92.29838026 -0.3592679931 -0.3062391521
0.4930326275 1.974195031 0.003889454906 -0.01685449175 0 92.30015552 -0.3511252192 -0.323219269
0.4930326427 1.974195019 -0.0008215616181 -0.01507135246 0 92.29950577 -0.3508796692 -0.340733094
0.4930326556 1.974195007 -0.001029759151 -0.0403276664 0 92.31349162 -0.352327629 -0.3623820922
0.4930326677 1.974195001 0.005540362094 0.02378165331 0 92.28624626 -0.3519380659 -0.3538965091
0.4930326808 1.974194996 -0.0002168409625 0.01346756669 0 92.31072815 -0.3496909463 -0.3382089533
0.4930326912 1.974194972 0.00843062668 -0.3113360884 0 92.9624872 -0.3494575052 -0.4400863767
0.493032702 1.974194801 0.01415332924 -1.523348919 0 92.84853552 -0.3371489345 -1.376142121
0.4930327086 1.974194484 -0.06602313078 -2.070960761 0 91.21338937 -0.3466453104 -3.126006603
0.4930327033 1.974194064 -0.1259528836 -2.733949406 0 90.46009009 -0.4382238416 -5.444993122
0.4930326824 1.97419352 -0.2460203315 -3.400249515 0 89.56531689 -0.6194490136 -8.456747824
0.4930326496 1.974192948 -0.2527524667 -3.187998162 0 90.1027997 -0.8791382605 -11.61368365
0.4930326198 1.974192369 -0.2648776617 -3.500673838 0 90.36200428 -1.129980125 -14.79490948
0.493032584 1.974191699 -0.2891901735 -4.074133734 0 90.75734401 -1.413798949 -18.48782225
0.4930325422 1.974190911 -0.3302369129 -4.785564985 0 90.92044543 -1.722812997 -22.8452883
0.4930324997 1.974190005 -0.2965015188 -5.375907877 0 91.48393649 -2.027505009 -27.86912132
0.4930324629 1.974189002 -0.2514406987 -5.873092855 0 92.0436997 -2.301463862 -33.43065787
0.4930324322 1.97418791 -0.2099236639 -6.400397776 0 92.64490953 -2.532707483 -39.49096094
0.4930324057 1.974186713 -0.2197086537 -6.988708017 0 92.55938739 -2.73465533 -46.13110504
0.4930323714 1.974185422 -0.2711578148 -7.535499137 0 92.19909656 -2.984940711 -53.30399335
0.4930323284 1.974184079 -0.3315651249 -7.450067917 0 92.2700623 -3.291169523 -60.75851479
0.4930322833 1.974182788 -0.3025048686 -7.060291436 0 92.50641233 -3.612756396 -67.92135683
0.4930322398 1.974181502 -0.3183594377 -7.347528046 0 92.57858099 -3.922442948 -75.05871288
0.4930321991 1.974180148 -0.2530860852 -7.764424809 0 93.02232972 -4.212854477 -82.57919927
0.4930321727 1.974178719 -0.1464847088 -8.20077274 0 93.72985481 -4.410086118 -90.51930605
0.4930321624 1.974177208 -0.03420113945 -8.670426222 0 94.3295485 -4.501470036 -98.91895859
0.4930321666 1.974175609 0.03486582638 -9.214892953 0 94.74261484 -4.503180115 -107.8136812
0.4930321831 1.974173903 0.1032687759 -9.847025177 0 95.02186122 -4.425384031 -117.3149537
0.4930322037 1.974172082 0.09694052223 -10.5340761 0 94.97809076 -4.32008704 -127.4671709
0.4930322187 1.974170137 0.03414900987 -11.25214087 0 94.66411241 -4.249968343 -138.3157085
0.4930322224 1.974168125 -0.02409504414 -11.2017616 0 94.59265253 -4.25675412 -149.5354914
0.4930322172 1.974166161 -0.06487365494 -10.88036244 0 94.6319066 -4.313393027 -160.480751
0.4930322085 1.974164203 -0.08241741235 -11.05999618 0 94.58961775 -4.402783137 -171.3872775
0.4930321979 1.974162207 -0.09787829006 -11.30315252 0 94.52099229 -4.499497893 -182.5068766
0.493032185 1.974160163 -0.1102749893 -11.56945659 0 94.45393344 -4.608219309 -193.8971603
0.4930321715 1.974158068 -0.1014313097 -11.88326994 0 94.32052949 -4.718289712 -205.5744405
0.4930321539 1.974155914 -0.156694612 -12.21755937 0 94.13488287 -4.849724989 -217.583614
0.49303213 1.974153698 -0.1958386517 -12.56495018 0 93.92636185 -5.022876042 -229.9445359
0.493032099 1.974151418 -0.2407339819 -12.95551726 0 93.67910044 -5.238281671 -242.6714969
0.4930320631 1.974149063 -0.2420347558 -13.38946237 0 93.60795009 -5.490145392 -255.8132017
0.4930320346 1.97414663 -0.1622998003 -13.83567562 0 93.94166804 -5.686754742 -269.399372
0.4930320208 1.974144119 -0.06737719386 -14.2802266 0 94.22559703 -5.791109693 -283.4262719
0.4930320183 1.97414153 -0.01619369193 -14.70640021 0 94.33252835 -5.823017527 -297.8882677
0.4930320229 1.974138867 0.02982383562 -15.13020772 0 94.56559798 -5.808064258 -312.7717616
0.4930320368 1.974136129 0.09748070828 -15.54883979 0 94.69228099 -5.732141319 -328.0680775
0.4930320537 1.974133319 0.08816364767 -15.95631678 0 94.65933187 -5.635035597 -343.7740589
0.4930320663 1.974130438 0.0516299802 -16.34940116 0 94.51715591 -5.5677998 -359.8776493
0.4930320712 1.974127487 -0.005691039567 -16.74209616 0 94.33524083 -5.548302393 -376.3699088
0.4930320658 1.974124475 -0.07908712558 -17.04980024 0 94.25709766 -5.595544135 -393.205778
0.493032051 1.974121423 -0.1164493176 -17.2052497 0 94.22601717 -5.702362941 -410.2633109
0.4930320329 1.974118345 -0.1261081113 -17.32819458 0 94.19092539 -5.833699542 -427.4620961
0.493032013 1.974115244 -0.1293638462 -17.4689065 0 94.34759034 -5.975302139 -444.7945502
0.4930319995 1.974112118 -0.07096628333 -17.59373901 0 94.56157875 -6.076578479 -462.2608292
0.4930319947 1.97410897 -0.01913447018 -17.68120522 0 94.64792343 -6.123214177 -479.8576285
0.4930319948 1.974105805 -0.003292251766 -17.79164538 0 94.65034664 -6.142138357 -497.5431561
0.4930319956 1.974102618 -0.003336390703 -17.93145259 0 94.62911712 -6.15269688 -515.3599385
0.4930319956 1.97409939 -0.02748805754 -18.23892152 0 94.52547674 -6.169735596 -533.4037625
0.4930319929 1.974096102 -0.004479380371 -18.59107608 0 94.58061195 -6.199642062 -551.788807
0.4930319979 1.974092759 0.0504489364 -18.8466376 0 94.71293477 -6.179765193 -570.4805054
0.4930320121 1.974089389 0.1000039676 -18.91680351 0 94.91095542 -6.101492015 -589.3298244
0.4930320347 1.974086012 0.1599929226 -18.91734481 0 94.98682675 -5.973146274 -608.2125563
0.4930320635 1.974082635 0.162099931 -18.88778273 0 94.89916624 -5.804911271 -627.0955182
0.4930320865 1.974079269 0.1218884448 -18.79225351 0 94.92089493 -5.672219389 -645.9221587
0.493032105 1.974075953 0.1008282882 -18.36815628 0 94.95277885 -5.566646128 -664.4655545
0.4930321209 1.974072716 0.08959210328 -17.88447836 0 94.57019118 -5.481194939 -682.5695417
0.4930321406 1.974069559 0.1364688599 -17.42256082 0 94.5891908 -5.369294567 -700.2206311
0.4930321716 1.974066521 0.2274565716 -16.52014172 0 95.4974434 -5.183302167 -717.2049853
0.4930322199 1.974063677 0.3713348379 -15.28329917 0 95.93836792 -4.890938241 -733.1034221
0.4930322895 1.97406106 0.4974937852 -13.89666063 0 96.41140251 -4.463217989 -747.7257197
0.4930323752 1.974058719 0.572815827 -12.20718503 0 96.89800844 -3.933998051 -760.7968305
0.4930324643 1.974056689 0.5041461468 -10.36384016 0 96.41099392 -3.380118469 -772.1284744
0.4930325201 1.974054991 0.1612743168 -8.51713413 0 94.7864212 -3.035383733 -781.6013136
0.4930325298 1.974053593 -0.05026921112 -7.025098151 0 92.72075653 -2.98210284 -789.3882551
0.4930324935 1.974052404 -0.5073768226 -6.069160813 0 87.62471062 -3.220795661 -796.0113345
0.4930323444 1.974051403 -1.518049925 -4.793901633 0 74.32350525 -4.169843748 -801.5753056
0.4930320365 1.974050678 -2.380215579 -2.975471039 0 52.59098398 -6.123711581 -805.6049599
0.4930316163 1.97405028 -2.822203705 -1.20751445 0 25.52922624 -8.796309892 -807.7995063
0.4930311756 1.974050175 -2.693729002 0.2035001482 0 0.8871471679 -11.59408564 -808.3473224
0.4930307894 1.9740503 -2.100749062 1.313290577 0 -22.57317076 -14.0417417 -807.6020859
0.4930305237 1.974050591 -1.417953862 2.097949781 0 -44.44128607 -15.72799938 -805.9179336
0.4930303715 1.974051065 -0.4712866415 3.242100422 0 -69.68093529 -16.68606181 -803.2091148
0.4930303911 1.974051705 0.522031613 3.937864988 0 -87.44174271 -16.55517343 -799.5741513
0.4930305091 1.974052426 0.7265074898 4.389577456 0 -91.46681773 -15.79861626 -795.4860742
0.493030598 1.974053224 0.342579436 4.70837988 0 -88.20601006 -15.22600579 -790.9768612
0.4930306311 1.97405403 0.08346828101 4.556725733 0 -86.16217364 -15.0080105 -786.4157787
0.4930306284 1.974054818 -0.1020171162 4.595815199 0 -84.91184441 -15.01866263 -781.9612628
0.4930305992 1.974055676 -0.2320450007 5.262709603 0 -84.1530782 -15.20043327 -777.1120138
0.4930305524 1.974056674 -0.2637097754 6.090548415 0 -84.42866619 -15.49636999 -771.4792603
0.4930305113 1.974057811 -0.1803854062 6.829955957 0 -85.53882759 -15.75369454 -765.0635136
0.4930304897 1.974059074 -0.0271505483 7.501502563 0 -86.68804474 -15.88617483 -757.9490362
0.4930304959 1.974060385 0.1217333987 7.365931697 0 -87.31501461 -15.84827157 -750.5717751
0.4930305132 1.974061668 0.126304947 7.243550703 0 -87.09277092 -15.73612344 -743.3470825
0.4930305338 1.97406298 0.1251646468 7.640242451 0 -87.04706987 -15.60331056 -735.9640622
0.493030556 1.974064376 0.1650494737 8.151524794 0 -87.05305432 -15.4599904 -728.1096469
0.4930305821 1.974065871 0.17811062 8.732721746 0 -87.08492594 -15.29026825 -719.7045911
0.4930306125 1.974067477 0.2098247152 9.402175631 0 -87.10767914 -15.09477581 -710.6679637
0.4930306465 1.974069218 0.1982083494 10.19212511 0 -86.82751575 -14.87255209 -700.8822408
0.4930306636 1.974071009 0.001266697615 10.023404 0 -85.57532196 -14.75889906 -690.8179857
0.4930306489 1.974072799 -0.1912680771 10.22551921 0 -84.66191945 -14.84857815 -680.754691
0.4930306138 1.974074641 -0.2236093529 10.53597376 0 -84.79283895 -15.06381522 -670.3951706
0.4930305859 1.974076545 -0.1288840601 10.90726733 0 -85.36174673 -15.23848936 -659.6912294
0.4930305711 1.974078517 -0.03668035548 11.28419536 0 -86.02874083 -15.32946705 -648.6093605
0.4930305763 1.974080556 0.1157715488 11.69155723 0 -86.69174063 -15.29271869 -637.1464058
0.4930306016 1.974082674 0.2131611968 12.12957698 0 -87.15210675 -15.12794645 -625.2440389
0.4930306422 1.974084872 0.3082252874 12.60664938 0 -87.58887004 -14.86651094 -612.8855777
0.4930306944 1.974087162 0.3381166627 13.14669475 0 -87.51255704 -14.53018303 -600.0149782
0.4930307452 1.974089549 0.313995767 13.70962266 0 -87.31697453 -14.20167866 -586.5921642
0.4930307897 1.97409204 0.2593847212 14.30394359 0 -87.02917495 -13.91428993 -572.5898111
0.4930308249 1.974094638 0.191033474 14.91792297 0 -86.64305617 -13.68385322 -557.9847363
0.4930308371 1.974097339 -0.002931098179 15.45864726 0 -85.96851233 -13.59828845 -542.798407
0.4930308263 1.974100135 -0.1060312106 15.96412993 0 -85.68191844 -13.66009229 -527.0826999
0.493030811 1.974103014 -0.07294905149 16.37218744 0 -85.89288125 -13.75060803 -510.8977097
0.4930308034 1.97410596 -0.0184355222 16.73365987 0 -85.98630053 -13.79315403 -494.3372863
0.4930307943 1.974108963 -0.06684476876 16.99601933 0 -85.75979507 -13.84739579 -477.4535354
0.4930307733 1.974111999 -0.1979973494 17.11361705 0 -85.41285718 -13.9752205 -460.3874289
0.4930307407 1.974115057 -0.2201233595 17.26823898 0 -85.43203934 -14.17945273 -443.1934447
0.4930307097 1.974118152 -0.1534845854 17.52082833 0 -85.59840788 -14.37205514 -425.7877488
0.4930306867 1.974121295 -0.1126816715 17.77102352 0 -85.7340908 -14.51374827 -408.1151115
0.4930306707 1.974124477 -0.05509256189 17.97553437 0 -85.95417008 -14.60995369 -390.221739
0.4930306653 1.974127695 -0.0009647643298 18.18192054 0 -86.16837558 -14.64149851 -372.1227304
0.4930306698 1.974130948 0.07091472114 18.36265624 0 -86.3922843 -14.6103179 -353.8285071
0.4930306821 1.974134232 0.07817439973 18.52380139 0 -86.37231015 -14.53046062 -335.3591172
0.4930306933 1.974137538 0.07976229826 18.6005719 0 -86.32520489 -14.45792942 -316.7641719
0.493030703 1.974140849 0.0565588816 18.60566783 0 -86.18559329 -14.39245282 -298.1442734
0.4930307033 1.974144165 -0.05756215531 18.66188011 0 -85.7614615 -14.38794712 -279.4911632
0.4930306912 1.974147492 -0.09383023263 18.7128499 0 -85.78993301 -14.46224903 -260.7791887
0.4930306786 1.974150831 -0.07603421851 18.80737192 0 -85.84976429 -14.5393677 -241.9954429
0.4930306703 1.974154192 -0.04684708479 18.95765323 0 -85.91685215 -14.58862573 -223.0954718
0.493030661 1.974157576 -0.07634301725 19.08968432 0 -85.80172702 -14.64590139 -204.0554488
0.4930306449 1.974160983 -0.131142479 19.18296779 0 -85.67639266 -14.74633112 -184.8893593
0.4930306229 1.974164404 -0.1453103898 19.26018545 0 -85.59015963 -14.88753522 -165.6433718
0.4930305971 1.974167836 -0.1612094349 19.3073068 0 -85.55635566 -15.04835373 -146.340323
0.4930305746 1.974171276 -0.113129197 19.34718001 0 -85.70628462 -15.18911378 -126.9855487
0.4930305574 1.974174721 -0.1016525774 19.3720986 0 -85.88381669 -15.29733735 -107.6027977
0.4930305439 1.97417817 -0.06787394131 19.41082466 0 -85.90083215 -15.38252327 -88.197013
0.4930305337 1.974181624 -0.02625125531 19.38893792 0 -85.92381401 -15.44649828 -68.76595956
0.493030539 1.974185078 0.0919357383 19.39523522 0 -86.25841163 -15.4136992 -49.33585497
0.4930305607 1.974188528 0.1436760005 19.39857956 0 -86.08568245 -15.27925228 -29.92352212
0.4930305682 1.974191979 -0.03959667091 19.42461548 0 -85.77473476 -15.23058281 -10.50853505
0.4930305662 1.974195435 0.00933832087 19.4441415 0 -85.92547307 -15.24414677 8.938647693
0.4930305769 1.974198895 0.1194771748 19.48158055 0 -86.20845384 -15.17503532 28.40578214
0.4930305799 1.974202364 -0.01594897173 19.50321607 0 -85.85748072 -15.1352873 47.91392428
0.4930305727 1.974205838 -0.01482470993 19.53005017 0 -86.01693341 -15.16069033 67.45186288
0.4930305735 1.974209315 0.06107165579 19.562042 0 -86.05895765 -15.13728473 87.00099737
0.4930305661 1.974212798 -0.07876381482 19.59490875 0 -85.88425758 -15.16365701 106.5865984
0.493030551 1.974216287 -0.05813504933 19.63598232 0 -86.01414238 -15.2404559 126.2061314
0.4930305436 1.974219782 0.02985752738 19.64221277 0 -86.21639616 -15.2679926 145.8573182
0.4930305464 1.974223272 0.006831359763 19.71393714 0 -86.06316644 -15.24936719 165.4961589
0.4930305373 1.974226777 -0.05219383495 19.67140057 0 -85.98161386 -15.3091677 185.2151029
0.4930305322 1.97423027 -0.08399543975 19.66886006 0 -86.13965779 -15.33797296 204.865932
0.4930305179 1.974233762 -0.06419107921 19.58310703 0 -86.18814703 -15.43235428 224.5175639
0.4930305101 1.974237229 -0.005287481589 19.39066744 0 -86.17588376 -15.48761426 244.0268972
0.4930305104 1.974240659 0.02815229949 19.20046194 0 -86.32022918 -15.49049108 263.3314727
0.4930305254 1.974244072 0.1848343115 19.19978786 0 -86.87067378 -15.39936942 282.5373624
0.4930305859 1.974247492 0.5972845412 19.23827732 0 -88.16030112 -15.01923994 301.786415
0.4930306934 1.974250915 0.7348993205 19.29831422 0 -88.15934885 -14.34047831 321.0463984
0.4930307955 1.974254347 0.532968825 19.30768015 0 -87.4603476 -13.69776778 340.3579169
0.4930308704 1.974257768 0.4040628595 19.19735048 0 -87.09640473 -13.22515754 359.6146085
0.4930309225 1.974261177 0.2336057685 19.17592225 0 -86.64286322 -12.89624222 378.7982477
0.4930309505 1.974264593 0.1334908946 19.27861019 0 -86.32872814 -12.72016448 398.0219427
0.4930309727 1.974268031 0.137582616 19.40735749 0 -86.40479079 -12.58017462 417.3689466
0.4930309933 1.974271497 0.1015303519 19.60451474 0 -86.25477971 -12.45125512 436.8737664
0.4930310027 1.974275004 0.02349658551 19.8963975 0 -85.85508342 -12.39334584 456.6054429
0.4930309913 1.974278561 -0.1363432553 20.13619965 0 -85.62362331 -12.4656953 476.6230634
0.4930309691 1.974282155 -0.1435363108 20.29207583 0 -85.65426647 -12.60870626 496.8474091
0.4930309463 1.974285764 -0.1192520889 20.30483356 0 -85.70637317 -12.7563004 517.1550745
0.4930309237 1.974289361 -0.1834647214 20.14826861 0 -85.56643671 -12.90242854 537.3945747
0.4930309013 1.974292922 -0.07013019612 19.94285385 0 -85.98121511 -13.04627939 557.4344498
0.4930308988 1.974296447 0.006239065235 19.74060911 0 -86.13636944 -13.06435965 577.2693914
0.4930309011 1.97429993 0.0269105247 19.46058901 0 -86.22545927 -13.05204161 596.8687791
0.4930309099 1.974303362 0.08395313804 19.18644096 0 -86.35129451 -12.99896412 616.1825798
0.4930309275 1.974306757 0.119851835 19.03556454 0 -86.47809548 -12.88867352 635.2851588
0.493030943 1.974310143 0.07892596283 19.0676649 0 -86.33731755 -12.79040183 654.3415953
0.4930309504 1.974313538 0.02095090443 19.13502111 0 -86.16071013 -12.74543161 673.4469004
0.4930309528 1.974316943 0.001861462591 19.17889185 0 -86.05377275 -12.73190435 692.6073902
0.4930309475 1.974320358 -0.08028734928 19.2439179 0 -85.83671114 -12.76699313 711.8211223
0.493030927 1.974323788 -0.1764980666 19.37631943 0 -85.55323742 -12.90082946 731.1197297
0.4930308986 1.974327249 -0.1954679649 19.59202698 0 -85.51350687 -13.08333287 750.5985909
0.493030869 1.974330753 -0.1885795948 19.84552333 0 -85.54379643 -13.2739323 770.3174821
0.4930308413 1.974334302 -0.1744168658 20.08999543 0 -85.62407089 -13.4538477 790.2870646
0.4930308178 1.974337888 -0.1140031938 20.2692806 0 -85.78613156 -13.60604987 810.4656586
0.493030805 1.974341498 -0.03625518379 20.34373049 0 -86.0457849 -13.68988121 830.7746852
0.4930308039 1.974345117 0.02440793551 20.39299657 0 -86.23213238 -13.70043935 851.1427814
0.4930308119 1.974348743 0.08384262041 20.40676963 0 -86.37095236 -13.65244717 871.5464705
0.4930308226 1.97435237 0.02953704105 20.41002013 0 -86.10588791 -13.58837559 891.9497115
0.4930308245 1.974355997 0.0340966217 20.40941831 0 -86.15440942 -13.57921031 912.3595787
0.4930308346 1.974359623 0.0637847097 20.3825943 0 -86.17549926 -13.51694142 932.760438
0.4930308357 1.974363245 -0.0617822117 20.37292172 0 -85.89926655 -13.5133491 953.1407651
0.4930308305 1.974366866 -0.02446360341 20.37490701 0 -85.94786312 -13.54960909 973.5127618
0.4930308328 1.974370487 0.03406902483 20.34557567 0 -86.0988204 -13.54079525 993.8883621
0.4930308363 1.974374105 -0.009350718335 20.35843123 0 -85.99700295 -13.52066032 1014.249289
0.4930308338 1.974377724 -0.04178896893 20.31890172 0 -85.95658764 -13.5402726 1034.607985
0.4930308332 1.974381331 0.06265305305 20.26927191 0 -86.04254451 -13.5479799 1054.903282
0.4930308387 1.974384898 -0.03865747404 19.82277583 0 -85.62293211 -13.51648399 1074.975815
0.4930308218 1.974388369 -0.1904900708 19.23117036 0 -85.28934803 -13.6257835 1094.504145
0.4930307956 1.974391743 -0.1761638335 18.78804437 0 -85.48272825 -13.79204094 1113.490939
0.4930307746 1.974395059 -0.1269430888 18.51377423 0 -85.62423013 -13.92698876 1132.149154
0.4930307547 1.974398329 -0.08488171624 18.34413767 0 -85.81982741 -14.05478823 1150.550756
0.4930307459 1.974401584 -0.02024305433 18.29992613 0 -86.10116808 -14.11009731 1168.862123
0.4930307426 1.974404837 -0.001884124935 18.34670337 0 -86.35812022 -14.13155616 1187.164171
0.4930307432 1.9744081 0.02876676922 18.39782749 0 -86.43214373 -14.12970521 1205.524918
0.4930307425 1.97441137 -0.02917278278 18.43127625 0 -86.28123075 -14.13789668 1223.921398
0.4930307373 1.974414647 -0.05377980771 18.47638739 0 -86.20139519 -14.17337277 1242.357272
0.4930307272 1.974417941 -0.06122464747 18.62157278 0 -86.13325912 -14.23933513 1260.892933
0.4930307168 1.974421266 -0.07007735176 18.81726505 0 -86.20003159 -14.3076641 1279.597366
0.4930307079 1.974424627 -0.03712234393 19.0360098 0 -86.19948021 -14.36792619 1298.504143
0.4930307017 1.974428027 -0.04198380295 19.22297824 0 -86.18546447 -14.41125777 1317.632607
0.4930306932 1.974431458 -0.07219501193 19.39860034 0 -86.09932654 -14.46830322 1336.933771
0.4930306783 1.974434929 -0.1119086163 19.65607508 0 -85.991927 -14.56494601 1356.460742
0.4930306589 1.974438444 -0.1085426209 19.88551853 0 -86.07226741 -14.68948052 1376.232845
0.493030649 1.974441999 -0.02014064816 20.10607416 0 -86.24530623 -14.7546746 1396.232811
0.4930306483 1.974445591 0.0223181993 20.29787543 0 -86.37025919 -14.76271283 1416.44521
0.4930306556 1.974449217 0.07056898098 20.4872023 0 -86.43932939 -14.71871318 1436.840656
0.4930306539 1.974452875 -0.09523090039 20.65654226 0 -85.9882232 -14.7331613 1457.424016
0.4930306328 1.974456561 -0.1789837379 20.77820662 0 -85.69417755 -14.86961697 1478.160797
0.493030597 1.974460266 -0.2701037784 20.89673327 0 -85.51040262 -15.09922294 1499.005572
0.4930305608 1.974463991 -0.1763572926 20.98197242 0 -85.85833557 -15.33082679 1519.965475
0.4930305405 1.974467728 -0.08717225004 21.03587934 0 -86.02254369 -15.46288543 1540.986485
0.4930305292 1.974471473 -0.04697263841 21.06325264 0 -86.11009719 -15.53745038 1562.060105
0.4930305266 1.97447522 0.0008461413846 21.09715609 0 -86.32757675 -15.55636971 1583.143219
0.4930305344 1.974478973 0.08607106247 21.09496538 0 -86.5515043 -15.50987425 1604.25692
0.4930305524 1.974482727 0.1226029441 21.12964152 0 -86.44286431 -15.39976523 1625.382416
0.4930305637 1.974486487 0.01522565203 21.16329085 0 -86.29224879 -15.33073535 1646.535594
0.493030565 1.974490252 -0.03103589971 21.18406384 0 -86.14282078 -15.32569696 1667.719888
0.4930305592 1.974494021 -0.06030531269 21.21559875 0 -85.99731974 -15.3651374 1688.922427
0.4930305497 1.974497798 -0.05970695024 21.27869062 0 -85.95771061 -15.42758374 1710.175231
0.4930305409 1.974501593 -0.04639874379 21.39268923 0 -86.0871432 -15.48610263 1731.530204
0.4930305399 1.974505407 0.008650933647 21.48676013 0 -86.27848682 -15.49329662 1752.98822
0.493030541 1.974509237 -0.001250019604 21.59700895 0 -86.2281737 -15.48841943 1774.538247
0.4930305427 1.974513084 0.08355698786 21.66564241 0 -86.76220706 -15.47735801 1796.181214
0.4930305775 1.97451694 0.2813490641 21.72334338 0 -86.85851923 -15.26041722 1817.881645
0.4930305999 1.974520808 -0.002108304782 21.77686315 0 -86.21949596 -15.12016211 1839.641604
0.4930305804 1.974524681 -0.2505450077 21.80764345 0 -85.53485882 -15.24689041 1861.433366
0.4930305365 1.974528558 -0.3148792749 21.795708 0 -85.47545087 -15.52842522 1883.247024
0.4930304819 1.974532427 -0.395834686 21.74018258 0 -85.22872701 -15.87643305 1905.014168
0.4930304135 1.974536287 -0.4750677656 21.67102599 0 -85.11781995 -16.31317787 1926.728879
0.4930303533 1.974540135 -0.2301277251 21.59724047 0 -85.99246413 -16.69693908 1948.382128
0.4930303379 1.97454397 0.01035320661 21.54302455 0 -86.37459411 -16.79820174 1969.959251
0.493030338 1.974547791 0.03679218385 21.48247969 0 -86.34812766 -16.80051029 1991.460625
0.4930303411 1.974551605 0.02903063062 21.43200948 0 -86.49452855 -16.78230278 2012.922399
0.4930303598 1.97455541 0.1964775596 21.365945 0 -86.88223399 -16.66754771 2034.334455
0.4930303953 1.974559206 0.2160933441 21.33556629 0 -86.69221055 -16.44647377 2055.687795
0.4930304074 1.974562993 -0.08354924814 21.29530774 0 -85.7168215 -16.37214533 2076.999108
0.4930303693 1.974566775 -0.3466187148 21.24780913 0 -85.37849728 -16.61473972 2098.27655
0.4930303429 1.974570554 0.002529611238 21.29187795 0 -86.35899918 -16.78485123 2119.542565
0.4930303462 1.974574348 -0.02211562141 21.37110466 0 -86.2958967 -16.76572417 2140.891293
0.493030346 1.974578152 0.03919244693 21.45577252 0 -86.28427841 -16.77133463 2162.292205
0.4930303523 1.974581974 0.02821664998 21.52349506 0 -86.35633135 -16.73275044 2183.80227
0.4930303604 1.974585802 0.06352592342 21.56866281 0 -86.42618365 -16.6846064 2205.339507
0.4930303716 1.97458963 0.08095800463 21.48949967 0 -86.48236603 -16.614927 2226.878836
0.4930303878 1.974593431 0.1503728718 21.30103798 0 -86.65178144 -16.51460557 2248.268228
0.4930304121 1.974597202 0.1368631559 21.1786222 0 -86.5455395 -16.36604649 2269.484577
0.4930304262 1.97460097 0.03699106238 21.24245059 0 -86.26345707 -16.28117576 2290.688051
0.4930304216 1.974604756 -0.09493797328 21.35866016 0 -85.9951231 -16.3121466 2311.988546
0.4930304029 1.974608563 -0.133810153 21.48635101 0 -85.9310432 -16.43461278 2333.409223
0.493030384 1.974612386 -0.1062053482 21.52441608 0 -86.00221216 -16.55867215 2354.915442
0.4930303762 1.974616213 -0.01248021151 21.52873502 0 -86.47561311 -16.61036805 2376.452096
0.4930303896 1.97462004 0.1594449324 21.6169983 0 -86.75268442 -16.52935881 2397.979493
0.4930304164 1.974623888 0.139723403 21.68125691 0 -86.44426451 -16.36596046 2419.628274
0.4930304285 1.974627745 0.02928762241 21.70607298 0 -86.19109194 -16.29263051 2441.331141
0.4930304305 1.974631602 -0.005379057661 21.69374174 0 -86.09478347 -16.28302724 2463.031326
0.4930304296 1.974635458 0.03475571741 21.7248788 0 -86.11851364 -16.29075305 2484.732049
0.493030449 1.974639262 0.1570977815 21.00177593 0 -86.76166845 -16.16539895 2506.123726
0.493030446 1.974642866 -0.3309172267 19.59850163 0 -84.50106595 -16.18936203 2526.399096
0.4930303838 1.974646299 -0.4074707829 18.98301736 0 -84.93699821 -16.58579512 2545.717336
0.4930303426 1.974649637 -0.1689982333 18.60118826 0 -85.63820368 -16.85120864 2564.509072
0.4930303295 1.974652956 -0.01446524492 18.63780364 0 -86.16272349 -16.9385278 2583.188564
0.4930303358 1.974656285 0.06943502973 18.77783636 0 -86.467532 -16.90140439 2601.928389
0.4930303356 1.974659651 -0.06678293383 18.99500293 0 -85.9416886 -16.9074244 2620.871949
0.4930303171 1.97466305 -0.1652322064 19.13360838 0 -85.75160836 -17.02903381 2640.009767
0.4930302822 1.974666468 -0.2861521594 19.331751 0 -85.24461478 -17.25521715 2659.24083
0.4930302303 1.974669912 -0.4107920253 19.34961037 0 -84.71739813 -17.58855852 2678.623716
0.4930301417 1.974673352 -0.7707933313 19.32468866 0 -83.38503518 -18.15416528 2697.988176
0.4930299869 1.974676788 -1.165901268 19.27681882 0 -82.46815955 -19.13817397 2717.326091
0.493029821 1.974680215 -0.9002001332 19.28434701 0 -83.52449778 -20.19125608 2736.61924
0.4930297243 1.974683644 -0.353888088 19.2761734 0 -85.06237047 -20.80906966 2755.917702
0.4930296965 1.97468706 -0.04356917884 19.16538448 0 -85.84845592 -20.98846142 2775.142083
0.4930297027 1.974690458 0.1143851584 19.08955588 0 -86.30180153 -20.95299195 2794.267134
0.4930297332 1.974693846 0.2522497426 19.03356845 0 -86.77104652 -20.76163815 2813.332614
0.493029782 1.974697221 0.3472616957 18.95219465 0 -86.88902763 -20.45398837 2832.328834
0.4930298149 1.974700581 0.04977873534 18.87734313 0 -86.09628338 -20.24794896 2851.242241
0.4930298116 1.97470393 -0.1110182193 18.80450847 0 -85.57967761 -20.2729274 2870.086071
0.4930297893 1.974707267 -0.1937375267 18.76438888 0 -85.27978975 -20.41647045 2888.870136
0.4930297536 1.974710597 -0.2413803651 18.70957457 0 -85.29773377 -20.64484415 2907.612484
0.4930297245 1.974713917 -0.1189788672 18.65495496 0 -85.5955609 -20.83231828 2926.296428
0.493029714 1.974717228 -0.007185392556 18.61181136 0 -86.00984107 -20.90092138 2944.931899
0.4930297211 1.974720533 0.09265348285 18.57827497 0 -86.33785339 -20.85927302 2963.532693
0.4930297377 1.974723832 0.08284560971 18.55605827 0 -86.16167985 -20.75719485 2982.102173
0.493029735 1.974727128 -0.116785161 18.54948629 0 -85.49702651 -20.77825041 3000.650799
0.4930297145 1.974730423 -0.1184349943 18.53089046 0 -85.71802796 -20.91051058 3019.193609
0.4930297033 1.974733715 -0.03951987588 18.51934376 0 -85.8719623 -20.9846667 3037.725962
0.4930296926 1.974737005 -0.08136799869 18.52862196 0 -85.7045004 -21.05532884 3056.237556
0.4930296778 1.974740299 -0.09808645992 18.56402046 0 -85.67422909 -21.15280468 3074.77889
0.4930296665 1.974743601 -0.06442407739 18.5884087 0 -85.73048906 -21.22742476 3093.362146
0.4930296529 1.974746909 -0.08542541828 18.64966495 0 -85.73097904 -21.31655831 3111.982212
0.4930296433 1.974750229 -0.04675967448 18.69528006 0 -85.81367089 -21.3807104 3130.663025
0.493029636 1.974753554 -0.04253375328 18.71706254 0 -85.87683153 -21.43015265 3149.380226
0.4930296337 1.974756885 0.03204043978 18.76367826 0 -86.04360985 -21.44788636 3168.128169
0.4930296417 1.97476022 0.07052519852 18.77995202 0 -86.177274 -21.40132545 3186.895269
0.4930296471 1.974763563 0.00626768517 18.84178167 0 -86.01325615 -21.37038 3205.71201
0.4930296497 1.974766917 0.06567529464 18.92975638 0 -86.65346397 -21.35594971 3224.589546
0.4930297237 1.974770285 0.8513293464 18.96790505 0 -88.64165093 -20.89094968 3243.539974
0.4930298707 1.974773654 0.9696167533 18.9696418 0 -88.69479198 -19.96306659 3262.49903
0.4930300038 1.974777028 0.6507999799 19.0413475 0 -87.52589044 -19.12043408 3281.486443
0.4930300748 1.974780422 0.2649089363 19.15415074 0 -86.51276443 -18.67204615 3300.58421
0.4930301037 1.974783837 0.08985373005 19.27294602 0 -86.09968945 -18.48997507 3319.798493
0.4930301064 1.974787268 -0.07154751084 19.34455812 0 -85.61176556 -18.47658321 3339.107242
0.4930300886 1.974790714 -0.1772251943 19.3824524 0 -85.16662514 -18.59065419 3358.500817
0.4930300564 1.974794163 -0.2479170122 19.41700035 0 -85.18405716 -18.79650395 3377.910281
0.4930300431 1.974797612 0.04272243287 19.42452759 0 -85.86236735 -18.88213826 3397.315987
0.4930300631 1.974801059 0.1643628659 19.3893527 0 -86.04173078 -18.75563542 3416.707656
0.4930300836 1.974804499 0.0944159251 19.33551903 0 -85.97349326 -18.62550893 3436.06256
0.4930300967 1.974807929 0.06368839443 19.27896254 0 -85.89194048 -18.54407386 3455.364172
0.4930301015 1.974811348 -0.01003384145 19.21331795 0 -85.71741417 -18.51586074 3474.602818
0.4930300997 1.974814757 -0.01649003453 19.14447935 0 -85.64911434 -18.52850362 3493.780901
0.4930300958 1.974818154 -0.02587448299 19.0623986 0 -85.69651255 -18.5554464 3512.897594
0.4930300966 1.974821536 0.03254301756 19.0103092 0 -85.85993466 -18.55149198 3531.927761
0.4930301085 1.97482491 0.1520475097 18.96470378 0 -86.33020927 -18.47752794 3550.910629
0.4930301499 1.97482828 0.4021343529 18.94974166 0 -87.17528766 -18.21580888 3569.877834
0.4930302363 1.974831651 0.6580056223 18.95631276 0 -88.02569459 -17.6680941 3588.846481
0.4930303545 1.97483502 0.8486487938 18.96981042 0 -88.59319673 -16.92155948 3607.802427
0.4930304976 1.974838398 0.9254377636 19.01960099 0 -88.65903789 -16.01675281 3626.808267
0.4930306423 1.974841783 0.9015542008 19.07864588 0 -88.55339355 -15.1017268 3645.853576
0.4930307789 1.974845178 0.8609971115 19.1330712 0 -88.37241802 -14.23734825 3664.957872
0.4930309175 1.974848583 0.8815927725 19.17095342 0 -88.53097899 -13.35934652 3684.116511
0.4930310626 1.974851993 0.9450959289 19.20136355 0 -88.69697294 -12.44066749 3703.307452
0.4930312149 1.974855404 1.011298172 19.15552524 0 -88.83673136 -11.47697213 3722.499428
0.4930313823 1.974858807 1.125455024 19.12929777 0 -89.22963071 -10.41608858 3741.644766
0.4930315695 1.974862208 1.269469215 19.15126027 0 -89.76291358 -9.229952298 3760.782764
0.4930317992 1.97486561 1.676674511 19.10473846 0 -91.08092013 -7.774644897 3779.924292
0.4930320947 1.974869003 2.04093729 19.071117 0 -92.01017323 -5.900993482 3799.015647
0.4930324284 1.974872391 2.178653002 19.04816982 0 -92.3443634 -3.785250218 3818.078507
0.4930327882 1.974875775 2.355189846 19.0603636 0 -92.79316231 -1.503595917 3837.121224
0.4930331656 1.97487917 2.403845368 19.13585981 0 -92.9022163 0.8906862997 3856.22507
0.4930335607 1.974882576 2.572252075 19.18298754 0 -93.31295794 3.398156045 3875.38546
0.4930339705 1.974885993 2.561824383 19.27137395 0 -93.11058815 5.998364835 3894.610604
0.4930343822 1.974889425 2.627917107 19.34566835 0 -93.37645469 8.612592979 3913.923505
0.4930348135 1.974892867 2.806585305 19.37929272 0 -93.85002084 11.35077463 3933.290462
0.4930352676 1.974896313 2.877665632 19.40309393 0 -93.91193451 14.23326846 3952.680724
0.4930357354 1.974899765 3.036307635 19.42770248 0 -94.35481466 17.204701 3972.09914
0.4930362327 1.974903218 3.219718072 19.41680857 0 -94.99346309 20.36283022 3991.529905
0.4930367633 1.974906669 3.477672635 19.41568564 0 -95.76590245 23.73216874 4010.949495
0.4930373412 1.974910118 3.832004466 19.39568933 0 -96.9558186 27.40397109 4030.353449
0.4930379725 1.974913565 4.111021708 19.38506804 0 -97.73612803 31.41244219 4049.749436
0.4930386285 1.974917012 4.173824032 19.39669281 0 -97.97407914 35.57839241 4069.14174
0.4930393031 1.974920457 4.337473614 19.36882296 0 -98.4327596 39.86110462 4088.526444
0.4930399899 1.974923899 4.332576059 19.3617509 0 -98.39602899 44.22177335 4107.894609
0.4930406839 1.974927337 4.466060699 19.32759421 0 -98.85284857 48.6288877 4127.241909
0.4930414059 1.974930766 4.61972838 19.2703816 0 -99.39771155 53.21411059 4146.534226
0.4930421492 1.974934189 4.770531496 19.23251279 0 -99.80568113 57.93394054 4165.7976
0.4930429135 1.974937605 4.891522506 19.20422285 0 -100.1569222 62.78795188 4185.016731
0.4930436958 1.974941016 5.016114304 19.19560694 0 -100.4132301 67.75612701 4204.208412
0.4930444997 1.974944425 5.137361546 19.16910067 0 -100.8293555 72.86368286 4223.388882
0.4930453309 1.974947827 5.380258307 19.11371231 0 -101.6089109 78.14478474 4242.529552
0.4930462025 1.974951216 5.643009941 19.03271021 0 -102.3354243 83.68075008 4261.599474
0.4930471086 1.974954591 5.817277182 18.96275873 0 -102.8884046 89.43785022 4280.591133
0.4930480435 1.974957958 6.005125287 18.91995857 0 -103.4610093 95.37809892 4299.532685
0.4930490067 1.974961315 6.152722266 18.87520005 0 -103.7438647 101.496047 4318.42583
0.4930499791 1.974964666 6.161108807 18.8625957 0 -103.7832481 107.6741687 4337.276051
0.4930509618 1.974968017 6.27214341 18.85195664 0 -104.0053674 113.9183914 4356.129865
0.4930519635 1.974971361 6.425512773 18.78877039 0 -104.5307354 120.2837452 4374.946738
0.4930529929 1.974974691 6.59715912 18.67715847 0 -105.0774318 126.8246778 4393.680264
0.493054038 1.974977987 6.61801762 18.39247069 0 -105.5749182 133.4664272 4412.226077
0.4930550795 1.974981206 6.583200426 17.84658144 0 -106.1015525 140.0848308 4430.335973
0.4930561143 1.974984326 6.529711296 17.30026989 0 -106.753017 146.6613956 4447.890044
0.4930571426 1.974987351 6.479619418 16.74941452 0 -107.5334028 153.1972381 4464.911029
0.4930581589 1.974990276 6.423110592 16.21039219 0 -108.0681655 159.6551621 4481.3668
0.4930591624 1.974993109 6.301604782 15.70541421 0 -108.5711239 166.0316825 4497.304301
0.4930601468 1.974995852 6.198425481 15.20324612 0 -108.9802392 172.2875822 4512.739623
0.4930611119 1.974998506 6.048619466 14.70847454 0 -109.4428538 178.4203914 4527.669363
0.4930620454 1.975001077 5.793237261 14.26421313 0 -109.2425586 184.3522498 4542.134532
0.4930629396 1.975003571 5.589679504 13.84451303 0 -109.1521606 190.0347258 4556.16993
0.4930638303 1.975006026 5.794369403 13.81186092 0 -110.3070207 195.6974826 4569.984156
0.4930647819 1.975008489 6.282884322 13.90015951 0 -111.9908583 201.74476 4583.839398
0.4930658137 1.975010972 6.813430267 14.0652949 0 -113.3699238 208.299395 4597.812944
0.4930668973 1.975013501 6.861582435 14.45990094 0 -112.602092 215.1812903 4612.045327
0.4930679384 1.975016085 6.324721119 14.57388306 0 -110.5665789 221.7928882 4626.575973
0.4930688858 1.975018646 5.81176841 14.23886714 0 -109.7133348 227.8135576 4640.987453
0.4930697729 1.975021104 5.425808812 13.35426457 0 -109.7897555 233.4495544 4654.811017
0.4930705921 1.975023379 5.006554192 12.25557973 0 -109.9855547 238.6556674 4667.614477
0.4930713541 1.975025457 4.666427627 11.12322511 0 -110.6544757 243.4995721 4679.307088
0.4930720902 1.975027331 4.687229041 9.940355545 0 -112.9691102 248.1793446 4689.854997
0.4930728056 1.975029003 4.369273825 8.847611361 0 -114.0237247 252.7262157 4699.269136
0.4930734534 1.975030458 3.843921219 7.484866213 0 -114.9749904 256.8448906 4707.458075
0.4930740083 1.975031657 3.219627197 6.045119339 0 -115.8432213 260.3742771 4714.210716
0.4930745037 1.975032625 3.177290981 4.737709906 0 -122.4439304 263.5303162 4719.664748
0.4930750348 1.975033319 3.556247858 2.922628309 0 -139.0373093 266.9098363 4723.585127
0.493075591 1.975033664 3.372571672 0.8572752108 0 -162.1379935 270.4485265 4725.539493
0.4930760789 1.975033671 2.7832926 -0.7308194118 0 171.7758652 273.5592948 4725.592657
0.4930764657 1.975033424 1.899304763 -1.98328943 0 142.1867171 276.0288453 4724.217096
0.4930766618 1.975032999 0.5068766584 -2.571165975 0 112.6781526 277.2878194 4721.837213
0.4930766315 1.97503247 -1.004019802 -3.079227508 0 81.66167565 277.1041559 4718.86392
0.4930763448 1.975031902 -2.323873287 -3.211382777 0 61.11892767 275.2898226 4715.676256
0.4930759186 1.975031305 -2.821713656 -3.526493331 0 56.50324991 272.5896588 4712.33476
0.493075473 1.975030672 -2.724963791 -3.616813409 0 57.25651337 269.7649856 4708.789535
0.4930750378 1.975030008 -2.775103107 -3.944235183 0 58.63772205 267.0045445 4705.060499
0.4930745666 1.975029224 -3.098016041 -4.84216183 0 60.45627005 264.0157262 4700.6625
0.4930740452 1.975028262 -3.395191428 -5.910979401 0 62.73010329 260.7084297 4695.266418
0.4930734882 1.97502712 -3.549453895 -6.861481797 0 65.11154185 257.1750815 4688.855632
0.4930729133 1.975025826 -3.634470025 -7.587514357 0 66.79637337 253.5283773 4681.59154
0.4930723237 1.97502442 -3.762440234 -8.129657264 0 67.41374223 249.7870163 4673.692132
0.4930717293 1.975022972 -3.723019831 -8.085217364 0 67.51754795 246.0155622 4665.561662
0.4930711435 1.975021534 -3.672657454 -8.045638858 0 67.47920347 242.2980307 4657.479536
0.493070539 1.97502005 -3.940897627 -8.549427463 0 67.33263172 238.4616689 4649.141359
0.4930698865 1.975018454 -4.284291513 -9.298092423 0 67.11183069 234.3198937 4640.172972
0.4930691813 1.975016732 -4.546092517 -9.811995463 0 66.93362545 229.8464575 4630.498482
0.4930684632 1.975014977 -4.544759513 -9.835330051 0 66.92912776 225.2892241 4620.635851
0.4930677292 1.975013182 -4.725052008 -10.21231975 0 66.8100862 220.6317052 4610.544184
0.4930669608 1.975011315 -4.973377601 -10.62912807 0 66.67692316 215.755705 4600.051576
0.4930661533 1.975009372 -5.224441429 -11.08263801 0 66.44692983 210.6313334 4589.130433
0.4930653149 1.975007339 -5.330343026 -11.69334509 0 67.33519117 205.3125716 4577.700181
0.4930644629 1.975005187 -5.406026076 -12.37991695 0 68.37191321 199.905557 4565.598867
0.4930635983 1.975002915 -5.544709446 -13.00834614 0 68.78230429 194.4171462 4552.828707
0.4930627012 1.975000539 -5.767071712 -13.60021066 0 68.87250868 188.7233396 4539.467891
0.4930617706 1.974998056 -5.975887555 -14.16883813 0 69.04338753 182.8164246 4525.50421
0.4930608068 1.974995474 -6.202496039 -14.70601355 0 69.12560538 176.6991456 4510.987425
0.4930598148 1.974992799 -6.332211826 -15.24265769 0 69.41965549 170.4038475 4495.943688
0.4930588025 1.974990033 -6.439263195 -15.70121573 0 69.75875754 163.9779827 4480.387687
0.4930577774 1.97498719 -6.515541024 -16.11124978 0 70.13392573 157.470664 4464.40202
0.4930567544 1.974984286 -6.387695187 -16.43085663 0 70.88443764 150.9782517 4448.067988
0.4930557594 1.974981336 -6.174616478 -16.57220425 0 71.81273073 144.6612981 4431.480943
0.4930548031 1.974978373 -5.912423855 -16.61690566 0 72.65308007 138.5901551 4414.815488
0.4930538844 1.974975405 -5.696711555 -16.63987354 0 73.37854321 132.7574044 4398.119243
0.4930529953 1.974972435 -5.553417536 -16.64339125 0 73.91208188 127.1125649 4381.413526
0.493052116 1.974969468 -5.574743209 -16.58458131 0 73.52626501 121.5276853 4364.722424
0.4930512283 1.974966509 -5.63261981 -16.60762331 0 73.48554805 115.8917673 4348.078428
0.4930503414 1.974963522 -5.594996004 -16.89348506 0 73.94524535 110.261128 4331.272681
0.4930494568 1.974960474 -5.571765271 -17.25822992 0 74.46209396 104.6441587 4314.131631
0.4930485791 1.974957364 -5.536224711 -17.59018436 0 74.96733618 99.07050288 4296.63358
0.4930477096 1.974954198 -5.471050104 -17.89813774 0 75.49749001 93.54925408 4278.823325
0.4930468536 1.97495098 -5.373554652 -18.20728537 0 76.09946127 88.11395393 4260.718484
0.4930460128 1.974947711 -5.258411056 -18.4654852 0 76.70072 82.77423859 4242.333134
0.4930451924 1.974944398 -5.122451834 -18.69613435 0 77.29117338 77.56373269 4223.698081
0.4930443917 1.974941046 -4.998681697 -18.93231812 0 77.91474778 72.47902022 4204.839224
0.4930436164 1.974937655 -4.814804537 -19.0991306 0 78.58321403 67.55545977 4185.76799
0.4930428692 1.974934255 -4.65323753 -19.05677764 0 78.92869894 62.81004969 4166.640959
0.4930421389 1.974930869 -4.601660143 -18.955832 0 79.12438777 58.17324598 4147.591827
0.4930414176 1.974927497 -4.505261827 -18.90045281 0 79.20680231 53.59057417 4128.626634
0.4930407067 1.974924137 -4.472482077 -18.82939757 0 79.43410334 49.07632791 4109.726177
0.4930400254 1.974920784 -4.143830205 -18.82271568 0 80.467004 44.75050997 4090.864001
0.4930393942 1.974917433 -3.87145259 -18.81532548 0 81.17212293 40.7412289 4072.010833
0.4930387955 1.974914085 -3.709391066 -18.78164734 0 81.59875941 36.93719571 4053.178744
0.4930382209 1.974910745 -3.577069641 -18.73805829 0 82.03143505 33.28823633 4034.387398
0.493037671 1.974907413 -3.391610711 -18.71313089 0 82.46958048 29.79394921 4015.647682
0.4930371455 1.974904083 -3.260670981 -18.69197855 0 82.8998721 26.45597142 3996.912457
0.4930366416 1.974900757 -3.133913382 -18.65137141 0 83.31980991 23.25503744 3978.201813
0.4930361564 1.974897438 -3.032618137 -18.62853198 0 83.66498769 20.17267018 3959.529163
0.4930356895 1.974894118 -2.89811093 -18.68968717 0 84.03023225 17.2059971 3940.849709
0.4930352404 1.974890784 -2.773941178 -18.75443227 0 84.35264715 14.35248582 3922.092788
0.4930348076 1.97488744 -2.697700126 -18.82901107 0 84.72970167 11.60400786 3903.282899
0.4930343939 1.974884083 -2.553020553 -18.92550394 0 85.24496813 8.976662749 3884.394574
0.493034001 1.97488071 -2.431967123 -18.97847358 0 85.63131257 6.48088799 3865.417705
0.4930336275 1.974877328 -2.312228134 -19.01959371 0 85.99739721 4.107713411 3846.394707
0.4930332741 1.974873938 -2.170913575 -19.06606491 0 86.48839107 1.862269199 3827.321009
0.49303295 1.97487054 -1.932572128 -19.13822823 0 87.1731307 -0.1975459984 3808.207213
0.4930326609 1.974867131 -1.743399944 -19.18259324 0 87.77496735 -2.034515189 3789.027175
0.4930323994 1.974863713 -1.577609263 -19.25471228 0 88.26038272 -3.697435145 3769.797732
0.4930321627 1.97486028 -1.414224908 -19.34753333 0 88.70605766 -5.202295165 3750.485607
0.4930319489 1.974856833 -1.304505915 -19.41837076 0 89.07187796 -6.560747387 3731.095593
0.49303175 1.974853373 -1.214093356 -19.47901989 0 89.2873952 -7.826267953 3711.632583
0.4930315661 1.974849902 -1.128786426 -19.54096998 0 89.58619473 -8.996135584 3692.107209
0.4930313965 1.974846421 -1.025882417 -19.59748229 0 89.8280971 -10.07415652 3672.521718
0.4930312447 1.974842931 -0.9045967438 -19.6358443 0 90.20737581 -11.03908644 3652.888526
0.4930311116 1.974839434 -0.7880575284 -19.68094362 0 90.54376614 -11.88512837 3633.215905
0.4930309958 1.974835929 -0.6884110819 -19.72418453 0 90.83985024 -12.62152564 3613.499073
0.4930308952 1.974832414 -0.6039919745 -19.80242369 0 91.11914154 -13.2606174 3593.730338
0.4930308073 1.974828886 -0.5143093327 -19.87727357 0 91.38446661 -13.82056004 3573.879785
0.4930307389 1.974825345 -0.3596015094 -19.92325298 0 91.85041898 -14.25477954 3553.961343
0.4930306999 1.974821794 -0.1721000665 -20.0036529 0 92.38933337 -14.50246887 3533.98445
0.4930306888 1.974818229 0.001093627539 -20.08197872 0 92.88527377 -14.57417699 3513.930614
0.4930307052 1.97481465 0.154889866 -20.13636486 0 93.11357268 -14.47186098 3493.79784
0.493030727 1.974811063 0.09814458718 -20.18079728 0 92.84303082 -14.333866 3473.620304
0.4930307376 1.974807471 0.03335979273 -20.2094509 0 92.78268576 -14.2657622 3453.412444
0.4930307471 1.97480388 0.06437190389 -20.17376899 0 92.92522966 -14.20550024 3433.21421
0.4930307627 1.974800298 0.1178957653 -20.10932216 0 93.06435153 -14.10648096 3413.061561
0.4930307888 1.974796728 0.1789261204 -20.03930914 0 93.2657515 -13.93983001 3392.982862
0.4930308249 1.974793169 0.265313346 -19.98930927 0 93.48218031 -13.70996216 3372.960805
0.493030875 1.974789621 0.3503322313 -19.89374125 0 93.70647237 -13.39149527 3353.002911
0.4930309229 1.974786089 0.2241856306 -19.7985042 0 93.04569805 -13.08772512 3333.130594
0.4930309369 1.974782574 -0.04051290904 -19.77239963 0 92.59041134 -12.99630003 3313.356099
0.4930309295 1.974779061 -0.04795802688 -19.75157073 0 92.67678494 -13.04177382 3293.598045
0.4930309224 1.974775552 -0.05787889553 -19.71596096 0 92.71264682 -13.08566197 3273.860058
0.4930309123 1.97477205 -0.05927091209 -19.66213306 0 92.76644305 -13.14890803 3254.159552
0.4930309109 1.974768559 0.01997699224 -19.59097567 0 92.99057199 -13.15744788 3234.520372
0.4930309166 1.974765079 0.07069372752 -19.58972679 0 93.23981327 -13.12141637 3214.948783
0.4930309318 1.974761597 0.1092257961 -19.58200232 0 93.30267202 -13.02684763 3195.363968
0.4930309469 1.974758117 0.09372171607 -19.57178649 0 93.32293117 -12.9312706 3175.792329
0.4930309664 1.974754637 0.1517022358 -19.57770879 0 93.48420865 -12.80913218 3156.214674
0.4930309933 1.974751155 0.1565190346 -19.59448123 0 93.34324892 -12.63996299 3136.630303
0.4930310081 1.974747668 0.04255190132 -19.63115361 0 93.06488168 -12.54585155 3117.019894
0.4930310112 1.974744174 0.02529261585 -19.67502719 0 93.02533631 -12.52614941 3097.36752
0.4930310129 1.974740672 0.003928953209 -19.72079989 0 92.95160671 -12.51516865 3077.668441
0.4930310111 1.974737161 -0.01099803322 -19.7655108 0 92.94170958 -12.52695751 3057.924809
0.4930310076 1.974733644 -0.03247485926 -19.81411057 0 92.98122229 -12.5486973 3038.138944
0.4930310007 1.974730119 -0.04587174486 -19.84973087 0 92.88682385 -12.59301489 3018.315362
0.4930309894 1.974726587 -0.07611329789 -19.88404798 0 92.84371642 -12.6659439 2998.452867
0.4930309804 1.974723051 -0.02689982976 -19.91096932 0 93.05387839 -12.72364929 2978.56211
0.493030983 1.974719509 0.05601044165 -19.92996666 0 93.29624267 -12.70947486 2958.645838
0.4930309962 1.974715965 0.1012999543 -19.9328449 0 93.28509031 -12.62732067 2938.716187
0.4930310073 1.974712421 0.04950679244 -19.92860654 0 93.14665684 -12.55807977 2918.782312
0.4930310139 1.974708878 0.02671189286 -19.92234005 0 93.06440761 -12.5170115 2898.856215
0.4930310174 1.97470534 0.007690900656 -19.88763539 0 92.97823337 -12.49654691 2878.959632
0.4930310107 1.974701809 -0.06519926512 -19.84622002 0 92.79177223 -12.54008108 2859.099759
0.4930309979 1.974698281 -0.05971499994 -19.83142468 0 92.88629285 -12.62196891 2839.259267
0.4930309929 1.974694753 -0.002946764063 -19.84753265 0 93.05683787 -12.65438754 2819.417688
0.4930309977 1.974691223 0.06161492399 -19.86329372 0 93.25984805 -12.62554576 2799.5641
0.4930310134 1.974687692 0.1280267863 -19.86566355 0 93.35471397 -12.52787495 2779.703633
0.4930310313 1.97468416 0.0929320391 -19.86541224 0 93.23651896 -12.41583673 2759.841168
0.4930310432 1.974680626 0.08835962116 -19.87573978 0 93.20093385 -12.34262745 2739.969555
0.4930310544 1.974677094 0.06436833986 -19.87092725 0 93.10462608 -12.27257916 2720.103272
0.4930310591 1.974673561 0.01536642862 -19.89233094 0 92.97537529 -12.24521929 2700.235191
0.4930310603 1.974670023 0.007814241574 -19.91264234 0 93.02240432 -12.23894073 2680.341148
0.4930310625 1.974666479 0.02941668456 -19.93919751 0 93.08763888 -12.22610127 2660.413651
0.4930310687 1.974662932 0.06709861552 -19.95520233 0 93.17123372 -12.18773829 2640.466727
0.4930310811 1.974659383 0.09719766245 -19.96803154 0 93.28735848 -12.11073815 2620.505294
0.4930311007 1.974655833 0.1473623536 -19.95611046 0 93.47595247 -11.98813445 2600.543338
0.4930311284 1.974652285 0.1934536479 -19.96200818 0 93.48837049 -11.81516296 2580.589353
0.4930311551 1.974648737 0.1578593733 -19.96200193 0 93.36805315 -11.64548825 2560.635831
0.4930311813 1.974645186 0.1776557713 -19.97815777 0 93.62970966 -11.48015595 2540.668841
0.4930312032 1.974641634 0.07553554208 -19.99430587 0 93.13246865 -11.34504374 2520.693629
0.4930311975 1.974638078 -0.1163412029 -19.99695462 0 92.70671181 -11.38230799 2500.699927
0.49303117 1.974634524 -0.1816655771 -19.93318381 0 92.4424935 -11.55686573 2480.71348
0.4930311357 1.97463103 -0.1633959745 -19.39856819 0 92.85225405 -11.77522288 2461.064739
0.4930311172 1.974627609 -0.03614251892 -19.19833604 0 93.19920327 -11.896012 2441.828088
0.4930311149 1.974624184 0.02751458103 -19.36057332 0 93.30825185 -11.9152177 2422.570257
0.4930311218 1.974620726 0.07028032531 -19.56516469 0 93.18395324 -11.87627359 2403.127056
0.4930311239 1.974617224 -0.01977764163 -19.84806505 0 92.98795923 -11.86590673 2383.438285
0.4930311176 1.974613672 -0.03376947222 -20.10627556 0 92.93795289 -11.90933429 2363.464413
0.4930311125 1.974610095 -0.02121022292 -20.15512745 0 93.01688045 -11.94468713 2343.352011
0.4930311128 1.974606501 0.02152083939 -20.28950773 0 93.10194799 -11.94541328 2323.145821
0.4930311172 1.97460288 -0.007094065574 -20.41276451 0 92.94774953 -11.92143235 2302.788407
0.4930311119 1.97459927 -0.048850585 -20.15468159 0 92.87797472 -11.95848238 2282.493828
0.4930311086 1.974595723 -0.01523670906 -19.7588921 0 92.96376479 -11.98200378 2262.550667
0.4930311114 1.974592223 0.03697944177 -19.67118718 0 93.11658492 -11.96680427 2242.873015
0.4930311196 1.974588713 0.08520783272 -19.78732761 0 93.23183242 -11.91787309 2223.13666
0.4930311404 1.974585174 0.163755058 -20.03882842 0 93.46549682 -11.78894955 2203.23766
0.493031167 1.974581585 0.1480072496 -20.31797045 0 93.29478833 -11.6236314 2183.06211
0.4930311787 1.974577951 0.00938585282 -20.54823086 0 92.91104984 -11.55199949 2162.631266
0.4930311756 1.974574281 -0.02442685276 -20.75774782 0 92.96988061 -11.57507947 2141.994458
0.4930311773 1.974570574 0.06607775224 -20.92396375 0 93.13582238 -11.56675705 2121.153145
0.4930311913 1.974566842 0.09176056904 -21.05004302 0 93.23469241 -11.48026801 2100.17539
0.4930312069 1.974563092 0.08933299514 -21.13192957 0 93.27876962 -11.38483808 2079.086097
0.493031223 1.974559327 0.1054521716 -21.20328139 0 93.28682802 -11.2860326 2057.922828
0.4930312402 1.974555552 0.134221716 -21.26635293 0 93.23076991 -11.18092715 2036.696878
0.493031259 1.974551766 0.1029649711 -21.30799031 0 93.18233527 -11.06462363 2015.411732
0.4930312721 1.974547973 0.05908362399 -21.34432591 0 93.06535522 -10.98484156 1994.084063
0.4930312766 1.974544174 -0.007727505512 -21.3831714 0 92.94577096 -10.95901926 1972.724416
0.4930312766 1.974540369 -0.01402449204 -21.39968441 0 92.87311867 -10.9611711 1951.331474
0.4930312718 1.974536561 -0.06489871203 -21.42819797 0 92.75891246 -10.99497155 1929.921289
0.4930312589 1.974532748 -0.1082937589 -21.45159632 0 92.68173073 -11.07879191 1908.486849
0.4930312445 1.97452893 -0.07236065092 -21.48038501 0 92.7800544 -11.17296809 1887.022659
0.4930312344 1.974525105 -0.05231005244 -21.53132191 0 92.82726742 -11.23969895 1865.517738
0.493031226 1.974521274 -0.05149825625 -21.57445586 0 92.90802587 -11.29508831 1843.973356
0.4930312261 1.974517434 0.01295919106 -21.60406032 0 93.10521684 -11.29744337 1822.384937
0.4930312307 1.974513588 0.03335468341 -21.60904761 0 93.08918832 -11.27098272 1800.761425
0.4930312383 1.974509743 0.05596116382 -21.64079067 0 93.15972071 -11.2259915 1779.147438
0.4930312477 1.974505893 0.05897411986 -21.65763723 0 93.12216809 -11.16891784 1757.498452
0.4930312567 1.97450204 0.05568770634 -21.68311795 0 93.08862848 -11.114936 1735.836467
0.4930312669 1.974498182 0.05462914611 -21.70398501 0 93.05682782 -11.05343236 1714.149377
0.4930312749 1.974494321 0.04695895069 -21.72272081 0 93.01845484 -11.00504021 1692.442462
0.4930312807 1.974490455 0.01590129719 -21.73863854 0 92.96353887 -10.97043023 1670.710444
0.4930312821 1.974486589 0.01730501886 -21.72895705 0 92.91277724 -10.96478586 1648.973809
0.4930312831 1.974482732 0.0007356967038 -21.63552889 0 92.91580189 -10.96047581 1627.291446
0.4930312802 1.974478889 -0.02623628204 -21.58939153 0 92.83567859 -10.98163555 1605.685135
0.4930312764 1.974475049 -0.009463521568 -21.58685534 0 92.8898502 -11.00759757 1584.095057
0.4930312783 1.97447121 0.01682806458 -21.56600127 0 93.01306653 -10.99772274 1562.513903
0.4930312827 1.974467373 0.04026268752 -21.57028106 0 93.01907082 -10.97257196 1540.940596
0.4930312907 1.974463539 0.03174226904 -21.55907105 0 93.01240278 -10.92503371 1519.38425
0.4930312964 1.974459706 0.04729977222 -21.5505964 0 92.98812744 -10.89101359 1497.835434
0.4930313048 1.974455875 0.05642302786 -21.53475689 0 93.10394954 -10.83909876 1476.300633
0.4930313158 1.974452045 0.05786458865 -21.53045182 0 93.12322233 -10.77156248 1454.76598
0.4930313246 1.974448217 0.04361640766 -21.51759324 0 93.05717699 -10.71787024 1433.246979
0.4930313342 1.974444389 0.07710143368 -21.50851022 0 93.11280059 -10.65970957 1411.726779
0.4930313458 1.974440565 0.0718473867 -21.49288793 0 93.14170149 -10.58815742 1390.229363
0.4930313576 1.974436746 0.06746999832 -21.4646646 0 93.16589841 -10.51466016 1368.756397
0.493031369 1.974432928 0.06231928235 -21.44742519 0 93.16241835 -10.4445397 1347.296644
0.4930313795 1.974429114 0.06574004932 -21.44593694 0 93.19471663 -10.37958548 1325.853438
0.493031391 1.9744253 0.08339853663 -21.43801414 0 93.17289904 -10.3089699 1304.410801
0.4930314033 1.974421488 0.06392558121 -21.44787778 0 93.17428189 -10.23255722 1282.979965
0.4930314139 1.974417673 0.05385541926 -21.43134191 0 93.12343443 -10.16774341 1261.533638
0.493031422 1.97441386 0.03911680271 -21.44337124 0 93.1192289 -10.11776199 1240.096469
0.4930314313 1.974410046 0.0669395714 -21.4545618 0 93.15092527 -10.06083453 1218.657433
0.4930314424 1.974406231 0.06263497181 -21.4473971 0 93.13500162 -9.992842923 1197.208614
0.4930314552 1.974402417 0.08140583358 -21.43269267 0 93.16280711 -9.913459697 1175.768109
0.4930314687 1.974398606 0.07753891572 -21.41955054 0 93.13608977 -9.829589605 1154.344609
0.4930314823 1.974394794 0.08313992261 -21.42853096 0 93.13249408 -9.745514438 1132.911279
0.4930314967 1.974390985 0.1092475681 -21.41390233 0 93.1918011 -9.656642893 1111.499197
0.4930315154 1.974387178 0.114642695 -21.39442445 0 93.18357352 -9.540315969 1090.09755
0.4930315357 1.974383378 0.08681659051 -21.25687832 0 93.18551433 -9.412670792 1068.741105
0.4930315505 1.974379647 0.07764553629 -20.71480306 0 93.08783747 -9.32053714 1047.763354
0.4930315558 1.974375999 -0.02692123776 -20.27917094 0 92.89321138 -9.287948668 1027.259517
0.493031546 1.974372408 -0.1080729786 -20.14505208 0 92.66800482 -9.352604597 1007.072098
0.4930315256 1.974368822 -0.1689940761 -20.16188738 0 92.44276634 -9.483846091 986.9117963
0.4930314983 1.974365234 -0.1825777843 -20.18687659 0 92.44498138 -9.658883043 966.739302
0.4930314701 1.974361637 -0.1927146967 -20.26373405 0 92.43132701 -9.839636986 946.5188061
0.4930314411 1.974358023 -0.1881005882 -20.36439593 0 92.46606258 -10.02607105 926.2058032
0.4930314136 1.974354391 -0.1628254246 -20.46351465 0 92.46746759 -10.20192503 905.786498
0.4930313894 1.974350739 -0.1238882108 -20.59126323 0 92.69308037 -10.3558736 885.2603741
0.4930313793 1.974347068 0.01127926602 -20.69106716 0 93.10108514 -10.42239616 864.6268076
0.4930313952 1.974343378 0.1650834153 -20.80193395 0 93.42565209 -10.32384404 843.8849086
0.4930314268 1.974339666 0.2295246288 -20.93908181 0 93.57164007 -10.12580622 823.0181421
0.4930314639 1.974335932 0.2273989488 -21.03905948 0 93.57693099 -9.892222886 802.0298148
0.4930314987 1.974332184 0.2007099386 -21.10184764 0 93.46981072 -9.673131676 780.958761
0.4930315194 1.974328429 0.04463183464 -21.10550379 0 92.92694482 -9.543526978 759.851137
0.493031511 1.974324677 -0.1744943015 -21.0787774 0 92.33063756 -9.598472084 738.7605614
0.4930314837 1.974320929 -0.1102218131 -21.08846212 0 92.86066272 -9.770949938 717.6934045
0.4930314844 1.974317175 0.1050476828 -21.12039101 0 93.42747705 -9.767495512 696.5940693
0.4930315133 1.974313415 0.2552706598 -21.13895432 0 93.76719642 -9.587292004 675.4588267
0.4930315602 1.974309653 0.3381918639 -21.15014645 0 93.91075841 -9.291323036 654.3101675
0.4930316097 1.974305889 0.2870212843 -21.1715104 0 93.73048303 -8.979163942 633.152845
0.4930316501 1.974302121 0.2257011628 -21.20493549 0 93.53612209 -8.72399901 611.9705683
0.4930316811 1.974298344 0.1698782637 -21.26123164 0 93.37566831 -8.528801124 590.7425178
0.4930317054 1.974294557 0.1169204135 -21.32004463 0 93.30692591 -8.375292028 569.4517582
0.4930317221 1.97429076 0.08407023652 -21.36728029 0 93.1411495 -8.271773403 548.1099652
0.4930317318 1.974286958 0.02687708036 -21.37804917 0 92.9968632 -8.210782438 526.7412555
0.4930317309 1.974283156 -0.02846319585 -21.37725346 0 92.83722256 -8.217956008 505.3694127
0.4930317239 1.974279354 -0.02016196064 -21.3610523 0 92.98196088 -8.263060412 483.996962
0.4930317284 1.974275555 0.05053237836 -21.33342736 0 93.11688518 -8.236589805 462.6436271
0.4930317379 1.974271759 0.04858861599 -21.32411848 0 93.1244686 -8.176800772 441.306736
0.4930317431 1.974267965 0.02140273442 -21.32012069 0 93.03709699 -8.145471823 419.984287
0.4930317437 1.974264171 -0.01971339711 -21.33046571 0 92.97000726 -8.14212444 398.6572742
0.4930317426 1.974260374 -0.04216765591 -21.34525042 0 92.95938209 -8.148830662 377.3112367
0.4930317351 1.974256575 -0.03113661152 -21.3525892 0 92.99799914 -8.198161121 355.9581322
0.4930317393 1.974252775 0.08061565575 -21.35216705 0 93.26997197 -8.173110815 334.6004255
0.4930317543 1.974248976 0.0879531498 -21.3566455 0 93.21279806 -8.079507022 313.2461751
0.4930317617 1.974245186 0.009823505297 -21.24936394 0 93.03032506 -8.033976198 291.9435117
0.4930317599 1.974241418 -0.01831061882 -21.12056218 0 93.00508334 -8.046532619 270.7632992
0.4930317631 1.97423767 0.084464065 -21.00278849 0 93.22090307 -8.027746691 249.7006029
0.4930317822 1.974233948 0.1615824326 -20.80762936 0 93.5479049 -7.90749414 228.7790284
0.4930318163 1.974230282 0.2676218107 -20.42054437 0 93.86556081 -7.692118081 208.1755372
0.4930318684 1.974226678 0.3982119896 -20.11531193 0 94.1173144 -7.363604186 187.9154289
0.4930319219 1.974223123 0.276902499 -19.79541423 0 93.43131638 -7.026402705 167.9355057
0.4930319398 1.974219624 -0.02696940716 -19.49243416 0 92.5966116 -6.914261928 148.2661554
0.4930319214 1.974216181 -0.1929649362 -19.23189894 0 92.24852526 -7.031821652 128.9161543
0.4930319005 1.974212769 -0.04747899838 -19.17578359 0 92.77409552 -7.165182385 109.7383552
0.493031911 1.974209352 0.1674123676 -19.24384097 0 93.43383591 -7.098480745 90.53775208
0.4930319478 1.974205921 0.2654951893 -19.33162671 0 93.6656534 -6.86594303 71.25158692
0.4930319843 1.974202471 0.1665281555 -19.39599337 0 93.33643709 -6.63506909 51.86374254
0.4930320024 1.974199015 0.05844944464 -19.46982676 0 92.98409001 -6.52074992 32.43950428
0.4930320027 1.974195546 -0.05061508053 -19.5271927 0 92.75655974 -6.519121782 12.94004652
0.4930319967 1.974192066 -0.01791196311 -19.58190744 0 92.85650425 -6.557613979 -6.617635763
0.4930319971 1.974188579 0.008107208455 -19.62481345 0 92.95757348 -6.555023921 -26.21157343
0.4930320061 1.974185086 0.108213608 -19.6335973 0 93.26895611 -6.497901175 -45.84207707
0.4930320322 1.974181592 0.247363844 -19.66316723 0 93.71512508 -6.33264052 -65.48300853
0.4930320864 1.974178105 0.4142850794 -19.50604504 0 94.16773485 -5.988692343 -85.07808015
0.4930321588 1.974174679 0.4982676787 -19.02310081 0 94.45151896 -5.529471012 -104.3307133
0.4930322406 1.974171341 0.5282032814 -18.51271583 0 94.55862215 -5.010600615 -123.0846014
0.4930323245 1.974168092 0.5460829151 -18.01016504 0 94.58811707 -4.478750602 -141.3454757
0.4930324073 1.974164931 0.50004901 -17.5268105 0 94.54125757 -3.953162602 -159.1097466
0.4930324831 1.974161855 0.4606468221 -17.04271911 0 94.34029073 -3.47397772 -176.3973766
0.4930325458 1.97415886 0.2848119547 -16.64358425 0 93.45620083 -3.07720856 -193.2258978
0.4930325664 1.974155925 0.02617341755 -16.34862308 0 93.14145584 -2.944559552 -209.7205485
0.4930325955 1.974153094 0.3361367345 -15.439762 0 94.33024166 -2.759738203 -225.6251093
0.4930326631 1.974150457 0.4847905568 -14.18973674 0 94.75939246 -2.33170179 -240.4380456
0.4930327204 1.974148061 0.2346891176 -12.73567136 0 93.85853524 -1.968750548 -253.8957991
0.4930327461 1.974145942 0.1231725848 -11.08015797 0 93.75391582 -1.80593022 -265.7989029
0.4930327791 1.974144128 0.3081037838 -9.305955962 0 94.9315847 -1.597213452 -275.9865939
0.4930328285 1.974142631 0.2765981435 -7.507824944 0 94.69779417 -1.285523729 -284.3948936
0.4930328446 1.974141456 -0.06636919299 -5.675805807 0 92.1640287 -1.181994052 -290.9911986
0.4930328284 1.974140581 -0.09691043979 -4.202985586 0 91.67408786 -1.284130851 -295.9024868
0.4930328157 1.974139948 -0.05368063301 -2.898663385 0 92.02913085 -1.365807651 -299.4463939
0.4930328098 1.974139533 -0.004374909724 -1.782668223 0 92.47174551 -1.403754723 -301.7683024
0.4930328095 1.974139312 0.00160699042 -0.6779280894 0 92.81908896 -1.40678857 -302.9980731
0.4930328083 1.974139282 0.003163281686 0.09672937727 0 92.83998106 -1.414437358 -303.162409
0.4930328091 1.974139308 0.01388644101 0.1705087953 0 92.82938517 -1.409848931 -303.004786
0.4930328103 1.974139344 0.007933382607 0.191071116 0 92.82081306 -1.401712118 -302.7900877
0.493032811 1.974139382 0.009113194005 0.2022904378 0 92.82239629 -1.396633372 -302.5626404
0.4930328125 1.974139422 0.01094026538 0.2158711508 0 92.81653822 -1.386441548 -302.3213141
0.4930328138 1.974139465 0.01179174302 0.2261107862 0 92.81219914 -1.378158059 -302.0654341
0.4930328159 1.974139509 0.02161062041 0.2294150199 0 92.80133216 -1.364637519 -301.803365
0.493032819 1.974139553 0.01766288586 0.2314722925 0 92.80228402 -1.345201722 -301.5355905
0.4930328218 1.974139598 0.01492324512 0.2344888883 0 92.80707177 -1.327213238 -301.2645858
0.4930328239 1.974139644 0.0128154024 0.2392357903 0 92.80582038 -1.313695191 -300.9921874
0.4930328257 1.97413969 0.01560443468 0.2350950648 0 92.80325161 -1.30308097 -300.7160988
0.4930328281 1.974139735 0.01462665405 0.2333573317 0 92.80850563 -1.287608993 -300.4457124
0.4930328305 1.974139779 0.0126046867 0.2295161135 0 92.82018587 -1.273242051 -300.1784216
0.493032834 1.974139822 0.02657193677 0.2242571582 0 92.81182831 -1.250445755 -299.9142501
0.493032837 1.974139865 0.02296556873 0.2193561714 0 92.81027136 -1.231329971 -299.6576571
0.4930328399 1.974139906 0.01823877872 0.2226495512 0 92.81060603 -1.213610254 -299.4064504
0.4930328422 1.974139947 0.01785800513 0.2203964314 0 92.81384488 -1.19915095 -299.1539055
0.4930328455 1.974139988 0.02276221515 0.2189753541 0 92.81169863 -1.178386983 -298.9036245
0.4930328487 1.974140028 0.01986441863 0.2161547724 0 92.81044071 -1.158186591 -298.6563258
0.493032852 1.974140068 0.02351296441 0.2109468759 0 92.81033628 -1.137056383 -298.4135593
0.4930328557 1.974140107 0.02416404496 0.207942319 0 92.80964477 -1.114380259 -298.1749796
0.4930328597 1.974140145 0.02480025521 0.2007827931 0 92.81428184 -1.089612747 -297.9409728
0.4930328637 1.974140182 0.02625690249 0.1986253989 0 92.81150383 -1.064076773 -297.7155755
0.4930328675 1.974140218 0.02572756581 0.1936673821 0 92.8123444 -1.039887225 -297.4933815
0.4930328715 1.974140253 0.02535855817 0.1911568543 0 92.81348095 -1.014162455 -297.2771973
0.4930328755 1.974140287 0.02581745052 0.1856343579 0 92.81402601 -0.989028866 -297.064195
0.4930328794 1.97414032 0.02382840339 0.1830111701 0 92.81467159 -0.9640069839 -296.8574074
0.4930328831 1.974140353 0.02466640586 0.1769221244 0 92.81426465 -0.94010189 -296.6550556
0.4930328867 1.974140384 0.02325261288 0.1710176804 0 92.81484969 -0.91696524 -296.4585808
0.4930328904 1.974140414 0.02421608072 0.1672761955 0 92.81510511 -0.8938639816 -296.2688926
0.493032894 1.974140443 0.02152731717 0.1627582198 0 92.81676576 -0.8707658174 -296.0837909
0.4930328973 1.974140471 0.02206113994 0.1602527249 0 92.81735554 -0.8497552499 -295.9046924
0.4930329007 1.974140499 0.0208658474 0.1574941171 0 92.81603135 -0.8280275372 -295.7281647
0.4930329039 1.974140526 0.01910765184 0.1549643661 0 92.81628329 -0.8071825044 -295.5547895
0.4930329068 1.974140552 0.01775096944 0.1496179692 0 92.8178354 -0.7892318248 -295.3853465
0.4930329097 1.974140577 0.02239353851 0.1483412625 0 92.8166668 -0.7711391157 -295.2229802
0.493032913 1.974140602 0.02279627199 0.1428879124 0 92.81842036 -0.7502664058 -295.0618444
0.4930329165 1.974140626 0.02160241726 0.1411718095 0 92.81773111 -0.7272623547 -294.9045076
0.4930329198 1.974140649 0.01996059323 0.1382452433 0 92.81763268 -0.706102961 -294.7516404
0.4930329231 1.974140672 0.02074880419 0.1335764859 0 92.81535697 -0.6856313137 -294.6027567
0.4930329264 1.974140694 0.02229647881 0.1276615783 0 92.81905676 -0.6647045794 -294.4575778
0.49303293 1.974140714 0.02356705647 0.1235962052 0 92.82267069 -0.6425634975 -294.3198738
0.4930329339 1.974140734 0.02509331473 0.1220210298 0 92.82074446 -0.6181098079 -294.1883956
0.4930329379 1.974140753 0.02435339217 0.1235918543 0 92.8185475 -0.5925115727 -294.0574666
0.4930329417 1.974140773 0.02535725366 0.1208327571 0 92.82128521 -0.5692654326 -293.9250554
0.4930329461 1.974140792 0.03056343267 0.1230906557 0 92.82124545 -0.5420270777 -293.7970203
0.493032951 1.974140811 0.03131702557 0.121293817 0 92.82130007 -0.5107856538 -293.6672792
0.4930329559 1.97414083 0.02897713688 0.1167480857 0 92.82220896 -0.4794377145 -293.5399058
0.4930329606 1.974140848 0.0295266963 0.1149691383 0 92.82193404 -0.4493887936 -293.4168554
0.4930329651 1.974140865 0.02895738581 0.1098706409 0 92.82090909 -0.4203658846 -293.29686
0.4930329697 1.974140882 0.03128982276 0.1090275413 0 92.82254004 -0.3909092123 -293.1814468
0.4930329745 1.974140898 0.02951893567 0.1071016891 0 92.82166859 -0.360349616 -293.0673614
0.4930329791 1.974140914 0.03017892021 0.10767263 0 92.82264714 -0.3301628584 -292.9567554
0.4930329838 1.974140929 0.03003875521 0.1042886043 0 92.82286188 -0.3000849926 -292.845964
0.4930329886 1.974140945 0.03466601104 0.1024250223 0 92.82510824 -0.2696623659 -292.7384289
0.4930329939 1.974140959 0.03331557065 0.1028359858 0 92.8248713 -0.2352169998 -292.6343046
0.4930329991 1.974140974 0.03329560716 0.1046314004 0 92.82454125 -0.2012218324 -292.5296845
0.4930330042 1.974140989 0.03393320547 0.09800004566 0 92.82452845 -0.1675404405 -292.4221836
0.4930330094 1.974141002 0.03318161007 0.09759082903 0 92.82542288 -0.1341385274 -292.3233799
0.4930330145 1.974141015 0.02924200813 0.0903835336 0 92.82542962 -0.1007480696 -292.2282497
0.4930330191 1.974141027 0.02588007373 0.08858402787 0 92.82402257 -0.07090204054 -292.1345622
0.4930330229 1.974141039 0.02691809202 0.08877022772 0 92.82235547 -0.04554157512 -292.0452225
0.4930330271 1.974141051 0.0254040388 0.08667630689 0 92.82263172 -0.01845848041 -291.9572178
0.4930330309 1.974141062 0.02557142812 0.08770615781 0 92.8239599 0.00681052675 -291.8718469
0.4930330347 1.974141073 0.02820999457 0.08696200906 0 92.82438821 0.03195947598 -291.7849952
0.4930330389 1.974141085 0.02549967678 0.08118101174 0 92.82400258 0.05983258899 -291.6990019
0.4930330427 1.974141095 0.02756489003 0.0808012709 0 92.8253609 0.08447981348 -291.6193828
0.4930330469 1.974141105 0.03128655888 0.0805132382 0 92.82655223 0.1120512068 -291.5407667
0.4930330516 1.974141115 0.03027985194 0.07784863491 0 92.82668638 0.1432740237 -291.4618256
0.4930330562 1.974141125 0.03279644204 0.07745874618 0 92.82678293 0.1738904621 -291.3852769
0.4930330612 1.974141134 0.03325320046 0.07531078401 0 92.82646033 0.2072968698 -291.3100191
0.4930330662 1.974141143 0.03235607674 0.07759218466 0 92.8267036 0.2406393302 -291.2380025
0.4930330711 1.974141152 0.03150757089 0.07618908608 0 92.82614826 0.2739607748 -291.164083
0.4930330758 1.974141161 0.03097980362 0.07607188231 0 92.82684335 0.3051492881 -291.090147
0.4930330805 1.97414117 0.03046996619 0.0752572845 0 92.82623075 0.3368644256 -291.0174658
0.493033085 1.974141179 0.02943063165 0.07310450732 0 92.82718485 0.3668682641 -290.9460873
0.4930330895 1.974141187 0.02811162938 0.0713727591 0 92.82546122 0.396460327 -290.8765113
0.4930330935 1.974141195 0.02597918088 0.07218854147 0 92.8262092 0.4236591288 -290.8091911
0.4930330972 1.974141203 0.02527320238 0.07159794686 0 92.82498751 0.4484858019 -290.7411688
0.4930331009 1.974141211 0.0260283864 0.07370168563 0 92.82617378 0.4730827488 -290.6744255
0.4930331049 1.974141219 0.02732860328 0.06990063343 0 92.82706266 0.4996379214 -290.6055134
0.4930331089 1.974141227 0.02444050084 0.07001179784 0 92.82715949 0.5270820176 -290.5396424
0.4930331125 1.974141234 0.02393810292 0.06389086701 0 92.82534318 0.5515993071 -290.4750552
0.4930331159 1.974141241 0.02230865947 0.06253402468 0 92.82801546 0.5747418175 -290.4166684
0.4930331193 1.974141247 0.02056724513 0.06520527695 0 92.82408684 0.5975283134 -290.3600823
0.4930331219 1.974141253 0.0207524414 0.06369279323 0 92.82894577 0.6155557528 -290.3008276
0.4930331252 1.97414126 0.02251738999 0.06143969473 0 92.82690196 0.6379780343 -290.2420026
0.4930331281 1.974141266 0.02230607003 0.06397506727 0 92.8285332 0.6580594635 -290.1859791
0.4930331312 1.974141272 0.02398038648 0.06744422091 0 92.82920021 0.679699759 -290.1299092
0.4930331346 1.974141278 0.0252242203 0.06008966575 0 92.82813107 0.7031887629 -290.06999
0.4930331383 1.974141284 0.02843857953 0.05888315353 0 92.8299518 0.7282089707 -290.0138343
0.4930331425 1.97414129 0.02611621097 0.05424590305 0 92.82908107 0.7575489326 -289.9602893
0.4930331466 1.974141294 0.03028302653 0.0570482545 0 92.82958388 0.7851175699 -289.912782
0.493033151 1.974141299 0.0258410414 0.05875813585 0 92.82935281 0.8150800108 -289.8626026
0.493033155 1.974141304 0.02868815439 0.05923091461 0 92.83000076 0.8422279495 -289.8099595
0.4930331592 1.97414131 0.02525918353 0.05734114518 0 92.82770018 0.8712224561 -289.7573405
0.493033163 1.974141315 0.02938868763 0.06012204909 0 92.83164299 0.8981746443 -289.7064334
0.4930331673 1.97414132 0.0289288264 0.05617731243 0 92.82978441 0.9276910029 -289.6537392
0.4930331718 1.974141325 0.03174875492 0.05614842709 0 92.83044214 0.9577880056 -289.6034632
0.4930331765 1.97414133 0.03274185043 0.05849810758 0 92.83082156 0.9898107379 -289.55423
0.4930331815 1.974141335 0.03193041103 0.05774384819 0 92.83032366 1.023247298 -289.5029871
0.4930331864 1.97414134 0.02949774922 0.05547224444 0 92.82699361 1.056245666 -289.4521078
0.4930331906 1.974141345 0.02572538107 0.04833750763 0 92.82595021 1.08491011 -289.4032052
0.4930331944 1.974141348 0.02698726232 0.05032206044 0 92.81464081 1.112175717 -289.3602607
0.4930331962 1.974141352 0.01201923793 0.04970158285 0 92.82379931 1.125698665 -289.3186422
0.4930331989 1.974141355 0.0297774936 0.05634394397 0 92.82528158 1.144364241 -289.2742121
0.4930332029 1.97414136 0.02278919449 0.05383248244 0 92.81696695 1.172495624 -289.2270208
0.4930332055 1.974141364 0.019001896 0.05428736999 0 92.82099669 1.191238616 -289.1791289
